#cleaned up 18I21
name: CH4
formula: CH4
M	=	16.043
D	=	1.49e-09
kH	=	28.8
sigma_100eV	=	3.419
spectrum
	Title: NIST_16L14
	M12	=	3.800380038
	M13	=	10.6910691069
	M14	=	20.4220422042
	M15	=	88.798879888
	M16	=	100.0
	M17	=	1.6401640164
RSF_Hiden	=	('M16', 0.75)
