#cleaned up 18I21
name: CO2
formula: CO2
M	=	44.009
D	=	1.92e-09
kH	=	1.205
primary: M44
sigma_100eV	=	3.735
spectrum
	Title: NIST_16L14
	M12	=	8.71087108711
	M16	=	9.61096109611
	M22	=	1.900190019
	M28	=	9.81098109811
	M29	=	0.100010001
	M44	=	100.0
	M45	=	1.200120012
	M46	=	0.400040004
RSF_Hiden	=	('M44', 1.17)
