#cleaned up 18I21
name: H2O
formula: H2O
M	=	18.015
D	=	2.27e-09
kH	=	2.336e-05
sigma_100eV	=	2.348
spectrum
	Title: NIST_16L14
	M16	=	0.900090009001
	M17	=	21.2221222122
	M18	=	100.0
	M19	=	0.500050005001
	M20	=	0.300030003
RSF_Hiden	=	('M18', 0.95)
