name: methanol
formula: CH3OH
primary: M31

sigma_100eV	=	5.2
Spectrum
	Title: NIST_18D10
	M2	=	0.300030003
	M12	=	0.200020002
	M13	=	0.600060006001
	M14	=	1.6901690169
	M15	=	12.3912391239
	M16	=	0.100010001
	M17	=	0.300030003
	M18	=	0.700070007001
	M19	=	0.100010001
	M28	=	4.5904590459
	M29	=	44.5944594459
	M30	=	6.49064906491
	M31	=	100.0
	M32	=	74.397439744
	M33	=	1.1901190119
	M34	=	0.100010001
