name: Ar
D	=	2e-09
kH	=	29.4
sigma_100eV	=	2.982
Spectrum
	M40	=	100.0
	M38	=	0.0500050005001
	M20	=	14.6214621462
	M36	=	0.300030003
	Title: NIST_16L14
Hiden	=	('M40', 1.27)
F_cal	=	[ 18.24350804]
primary: M40
c: a
formula: Ar
spectrum
	M40	=	100.0
	M38	=	0.0500050005001
	M20	=	14.6214621462
	M36	=	0.300030003
	Title: NIST_16L14
M	=	39.948
IFCS
	M40	=	2.5936863256788327
	M38	=	0.0012969728601267255
	M20	=	0.3792348643002961
	M36	=	0.0077818371607447905
ifcs	=	2.5936863256788327
RSF
	M40	=	2.5936863256788327
	M38	=	0.0012969728601267255
	M20	=	0.3792348643002961
	M36	=	0.0077818371607447905
rsf	=	2.5936863256788327
cal
