name: C2H4
kH	=	8.6
n_el	=	-8.0
D	=	1.9e-09
sigma_100eV	=	4.974
Spectrum
	M25	=	7.81078107811
	M2	=	0.100010001
	M14	=	2.100210021
	M13	=	0.900090009001
	M12	=	0.500050005001
	M24	=	2.300230023
	M26	=	52.9552955296
	M15	=	0.300030003
	M30	=	0.100010001
	M28	=	100.0
	M29	=	2.300230023
	M27	=	62.3662366237
	Title: NIST_16L14
Hiden	=	('M28', 1.02)
F_cal	=	[ 7.99498896]
primary: M26
c: a
formula: C2H4
spectrum
	M25	=	7.81078107811
	M2	=	0.100010001
	M14	=	2.100210021
	M13	=	0.900090009001
	M12	=	0.500050005001
	M24	=	2.300230023
	M26	=	52.9552955296
	M15	=	0.300030003
	M30	=	0.100010001
	M28	=	100.0
	M29	=	2.300230023
	M27	=	62.3662366237
	Title: NIST_16L14
M	=	28.054
IFCS
	M25	=	0.16765327348840117
	M2	=	0.002146648828273835
	M14	=	0.045079625393750544
	M13	=	0.01931983945448598
	M12	=	0.010733244141390642
	M24	=	0.049372923050298216
	M26	=	1.1366505545731422
	M15	=	0.006439946484821505
	M30	=	0.002146648828273835
	M28	=	2.1464341633931543
	M29	=	0.049372923050298216
	M27	=	1.33865020931371
ifcs	=	1.1366505545731422
RSF
	M25	=	0.16765327348840117
	M2	=	0.002146648828273835
	M14	=	0.045079625393750544
	M13	=	0.01931983945448598
	M12	=	0.010733244141390642
	M24	=	0.049372923050298216
	M26	=	1.1366505545731422
	M15	=	0.006439946484821505
	M30	=	0.002146648828273835
	M28	=	2.1464341633931543
	M29	=	0.049372923050298216
	M27	=	1.33865020931371
rsf	=	1.1366505545731422
cal
