kH	=	8.6
n_el	=	-8.0
D	=	1.9e-09
sigma_100eV	=	4.974
Spectrum
	M25	=	7.81078107811
	M2	=	0.100010001
	M14	=	2.100210021
	M13	=	0.900090009001
	M12	=	0.500050005001
	M24	=	2.300230023
	M26	=	52.9552955296
	M15	=	0.300030003
	M30	=	0.100010001
	M28	=	100.0
	M29	=	2.300230023
	M27	=	62.3662366237
	Title: NIST_16L14
Hiden	=	('M28', 1.02)
#extrapolated from rsf on mass M26 16L15
F_cal	=	[ 6.90529566]
primary: M26
