name: C2H6
n_el	=	-10.0
D	=	1.2e-09
kH	=	2.12
sigma_100eV	=	6.207
Spectrum
	M25	=	3.500350035
	M2	=	0.200020002
	M28	=	100.0
	M31	=	0.500050005001
	M14	=	3.00030003
	M13	=	1.00010001
	M12	=	0.400040004
	M24	=	0.500050005001
	M26	=	23.2223222322
	M15	=	4.400440044
	M30	=	26.2226222622
	M16	=	0.100010001
	M29	=	21.5221522152
	M27	=	33.2333233323
	Title: NIST_16L14
Hiden	=	('M28', 1.35)
F_cal	=	[ 5.25638708]
primary: M30
c: a
formula: C2H6
spectrum
	M25	=	3.500350035
	M2	=	0.200020002
	M28	=	100.0
	M31	=	0.500050005001
	M14	=	3.00030003
	M13	=	1.00010001
	M12	=	0.400040004
	M24	=	0.500050005001
	M26	=	23.2223222322
	M15	=	4.400440044
	M30	=	26.2226222622
	M16	=	0.100010001
	M29	=	21.5221522152
	M27	=	33.2333233323
	Title: NIST_16L14
M	=	30.07
IFCS
	M25	=	0.09975433924138959
	M2	=	0.005700247956650834
	M28	=	2.849838965930434
	M31	=	0.014250619891655585
	M14	=	0.0855037193497625
	M13	=	0.028501239783254168
	M12	=	0.011400495913301669
	M24	=	0.014250619891655585
	M26	=	0.6617987877671618
	M15	=	0.12540545504631834
	M30	=	0.7473025071169244
	M16	=	0.002850123978325417
	M29	=	0.6133466801356297
	M27	=	0.9470961979975361
ifcs	=	0.7473025071169244
RSF
	M25	=	0.09975433924138959
	M2	=	0.005700247956650834
	M28	=	2.849838965930434
	M31	=	0.014250619891655585
	M14	=	0.0855037193497625
	M13	=	0.028501239783254168
	M12	=	0.011400495913301669
	M24	=	0.014250619891655585
	M26	=	0.6617987877671618
	M15	=	0.12540545504631834
	M30	=	0.7473025071169244
	M16	=	0.002850123978325417
	M29	=	0.6133466801356297
	M27	=	0.9470961979975361
rsf	=	0.7473025071169244
cal
