n_el	=	-10.0
D	=	1.2e-09
kH	=	2.12
sigma_100eV	=	6.207
Spectrum
	M25	=	3.500350035
	M2	=	0.200020002
	M28	=	100.0
	M31	=	0.500050005001
	M14	=	3.00030003
	M13	=	1.00010001
	M12	=	0.400040004
	M24	=	0.500050005001
	M26	=	23.2223222322
	M15	=	4.400440044
	M30	=	26.2226222622
	M16	=	0.100010001
	M29	=	21.5221522152
	M27	=	33.2333233323
	Title: NIST_16L14
Hiden	=	('M28', 1.35)
#extrapolated from rsf on mass M30 16L15
F_cal	=	[ 4.52566703]
primary: M30
