name: CH4
n_el	=	-6.0
D	=	1.49e-09
kH	=	28.8
sigma_100eV	=	3.419
Spectrum
	M17	=	1.6401640164
	M14	=	20.4220422042
	M13	=	10.6910691069
	M12	=	3.800380038
	M16	=	100.0
	M15	=	88.798879888
	Title: NIST_16L14
Hiden	=	('M16', 0.75)
F_cal	=	[ 9.47621794]
primary: M15
c: a
formula: CH4
spectrum
	M17	=	1.6401640164
	M14	=	20.4220422042
	M13	=	10.6910691069
	M12	=	3.800380038
	M16	=	100.0
	M15	=	88.798879888
	Title: NIST_16L14
M	=	16.043
IFCS
	M17	=	0.024884214263502527
	M14	=	0.30983881418336684
	M13	=	0.16220259175417195
	M12	=	0.05765854524470098
	M16	=	1.517178405006162
	M15	=	1.347237429548096
ifcs	=	1.347237429548096
RSF
	M17	=	0.024884214263502527
	M14	=	0.30983881418336684
	M13	=	0.16220259175417195
	M12	=	0.05765854524470098
	M16	=	1.517178405006162
	M15	=	1.347237429548096
rsf	=	1.347237429548096
cal
