name: CO
n_el	=	0.0
D	=	1.92e-09
kH	=	43.5
sigma_100eV	=	2.616
Spectrum
	M12	=	4.700470047
	M28	=	100.0
	M16	=	1.700170017
	M29	=	1.200120012
	Title: NIST_16L14
Hiden	=	('M28', 0.98)
F_cal	=	[ 17.10067686]
primary: M28
c: a
formula: CO
spectrum
	M12	=	4.700470047
	M28	=	100.0
	M16	=	1.700170017
	M29	=	1.200120012
	Title: NIST_16L14
M	=	28.009999999999998
IFCS
	M12	=	0.11427827865032598
	M28	=	2.4312095919696857
	M16	=	0.04133469653309664
	M29	=	0.02917743284689174
ifcs	=	2.4312095919696857
RSF
	M12	=	0.11427827865032598
	M28	=	2.4312095919696857
	M16	=	0.04133469653309664
	M29	=	0.02917743284689174
rsf	=	2.4312095919696857
cal
