name: H2O
n_el	=	0.0
D	=	2.27e-09
kH	=	2.336e-05
sigma_100eV	=	2.348
Spectrum
	M18	=	100.0
	M17	=	21.2221222122
	M19	=	0.500050005001
	M16	=	0.900090009001
	M20	=	0.300030003
	Title: NIST_16L14
Hiden	=	('M18', 0.95)
F_cal	=	[ 13.43563949]
primary: M18
c: a
formula: H2O
spectrum
	M18	=	100.0
	M17	=	21.2221222122
	M19	=	0.500050005001
	M16	=	0.900090009001
	M20	=	0.300030003
	Title: NIST_16L14
M	=	18.015
IFCS
	M18	=	1.9101498657557558
	M17	=	0.4053743389468607
	M19	=	0.009551704499238254
	M16	=	0.01719306809861357
	M20	=	0.005731022699531491
ifcs	=	1.9101498657557558
RSF
	M18	=	1.9101498657557558
	M17	=	0.4053743389468607
	M19	=	0.009551704499238254
	M16	=	0.01719306809861357
	M20	=	0.005731022699531491
rsf	=	1.9101498657557558
cal
