name: N2
D	=	1.88e-09
kH	=	67.0
sigma_100eV	=	2.615
Spectrum
	M14	=	13.7913791379
	M28	=	100.0
	M29	=	0.740074007401
	Title: NIST_16L14
Hiden	=	('M28', 1.0)
F_cal	=	[ 16.05971457]
primary: M28
c: a
formula: N2
spectrum
	M14	=	13.7913791379
	M28	=	100.0
	M29	=	0.740074007401
	Title: NIST_16L14
M	=	28.014
IFCS
	M14	=	0.31488691931512575
	M28	=	2.283215595529435
	M29	=	0.0168974851554393
ifcs	=	2.283215595529435
RSF
	M14	=	0.31488691931512575
	M28	=	2.283215595529435
	M29	=	0.0168974851554393
rsf	=	2.283215595529435
cal
