# created 19C07
# Alexander Krabbe's EC-MS O2 calibration chip!

w_cap	=	6e-06
h_cap	=	6e-06
l_cap	=	0.00333
p	=	100000.0
T	=	298
l_cap	=	0.001233812949640288
